mubiaozongmianji:12000.000000
zuixiaomianji:10731.364045